exon_1	lcl|NC_037334.1_cds_NP_001068587.1_18611	94.000	50	3	0	1	50	1	50	8.11e-14	75.8
exon_1	lcl|NC_037334.1_cds_XP_024849584.1_18610	94.000	50	3	0	1	50	1	50	8.11e-14	75.8
exon_1	lcl|NC_037334.1_cds_XP_059743898.1_18609	94.000	50	3	0	1	50	1	50	8.11e-14	75.8
exon_3	lcl|NC_037334.1_cds_NP_001068587.1_18611	92.308	91	7	0	1	91	116	206	1.98e-28	125
exon_3	lcl|NC_037334.1_cds_XP_024849584.1_18610	92.308	91	7	0	1	91	116	206	1.98e-28	125
exon_3	lcl|NC_037334.1_cds_XP_059743898.1_18609	92.308	91	7	0	1	91	116	206	1.98e-28	125
exon_3	lcl|NC_037337.1_cds_NP_001193837.1_26297	96.154	26	1	0	14	39	369	394	5.80e-04	44.1
exon_4	lcl|NC_037334.1_cds_NP_001068587.1_18611	90.141	71	7	0	1	71	216	286	1.11e-16	85.7
exon_4	lcl|NC_037334.1_cds_XP_024849584.1_18610	90.141	71	7	0	1	71	216	286	1.11e-16	85.7
exon_4	lcl|NC_037334.1_cds_XP_059743898.1_18609	90.141	71	7	0	1	71	216	286	1.11e-16	85.7
exon_5	lcl|NC_037334.1_cds_NP_001068587.1_18611	94.545	55	3	0	1	55	287	341	1.93e-16	85.7
exon_5	lcl|NC_037334.1_cds_XP_024849584.1_18610	94.545	55	3	0	1	55	287	341	1.93e-16	85.7
exon_5	lcl|NC_037334.1_cds_XP_059743898.1_18609	94.545	55	3	0	1	55	287	341	1.93e-16	85.7
exon_6	lcl|NC_037334.1_cds_XP_059743900.1_18613	83.333	132	22	0	1	132	62	193	5.97e-17	87.7
exon_6	lcl|NC_037334.1_cds_XP_059743899.1_18612	83.333	132	22	0	1	132	62	193	5.97e-17	87.7
exon_6	lcl|NC_037334.1_cds_NP_001068587.1_18611	83.333	132	22	0	1	132	398	529	5.97e-17	87.7
exon_6	lcl|NC_037334.1_cds_XP_024849584.1_18610	83.333	132	22	0	1	132	398	529	5.97e-17	87.7
exon_6	lcl|NC_037334.1_cds_XP_059743898.1_18609	83.333	132	22	0	1	132	398	529	5.97e-17	87.7
exon_7	lcl|NC_037334.1_cds_XP_059743900.1_18613	86.154	65	9	0	2	66	195	259	4.09e-08	58.0
exon_7	lcl|NC_037334.1_cds_XP_059743899.1_18612	86.154	65	9	0	2	66	195	259	4.09e-08	58.0
exon_7	lcl|NC_037334.1_cds_NP_001068587.1_18611	86.154	65	9	0	2	66	531	595	4.09e-08	58.0
exon_7	lcl|NC_037334.1_cds_XP_024849584.1_18610	86.154	65	9	0	2	66	531	595	4.09e-08	58.0
exon_7	lcl|NC_037334.1_cds_XP_059743898.1_18609	86.154	65	9	0	2	66	531	595	4.09e-08	58.0
exon_8	lcl|NC_037334.1_cds_XP_059743900.1_18613	87.234	141	18	0	26	166	330	470	9.33e-32	137
exon_8	lcl|NC_037334.1_cds_XP_059743899.1_18612	87.234	141	18	0	26	166	330	470	9.33e-32	137
exon_8	lcl|NC_037334.1_cds_NP_001068587.1_18611	87.234	141	18	0	26	166	666	806	9.33e-32	137
exon_8	lcl|NC_037334.1_cds_XP_024849584.1_18610	87.234	141	18	0	26	166	666	806	9.33e-32	137
exon_8	lcl|NC_037334.1_cds_XP_059743898.1_18609	87.234	141	18	0	26	166	666	806	9.33e-32	137
exon_9	lcl|NC_037334.1_cds_XP_059743900.1_18613	82.955	88	15	0	1	88	471	558	3.67e-07	56.0
exon_9	lcl|NC_037334.1_cds_XP_059743899.1_18612	82.955	88	15	0	1	88	471	558	3.67e-07	56.0
exon_9	lcl|NC_037334.1_cds_NP_001068587.1_18611	82.955	88	15	0	1	88	834	921	3.67e-07	56.0
exon_9	lcl|NC_037334.1_cds_XP_024849584.1_18610	82.955	88	15	0	1	88	807	894	3.67e-07	56.0
exon_9	lcl|NC_037334.1_cds_XP_059743898.1_18609	82.955	88	15	0	1	88	807	894	3.67e-07	56.0
exon_10	lcl|NC_037334.1_cds_XP_059743900.1_18613	87.647	170	21	0	63	232	706	875	9.60e-42	170
exon_10	lcl|NC_037334.1_cds_XP_059743899.1_18612	87.647	170	21	0	63	232	706	875	9.60e-42	170
exon_10	lcl|NC_037334.1_cds_NP_001068587.1_18611	87.647	170	21	0	63	232	1069	1238	9.60e-42	170
exon_10	lcl|NC_037334.1_cds_XP_024849584.1_18610	87.647	170	21	0	63	232	1042	1211	9.60e-42	170
exon_10	lcl|NC_037334.1_cds_XP_059743898.1_18609	87.647	170	21	0	63	232	1042	1211	9.60e-42	170
exon_11	lcl|NC_037334.1_cds_XP_059743900.1_18613	88.095	126	15	0	12	137	887	1012	4.64e-30	131
exon_11	lcl|NC_037334.1_cds_XP_059743899.1_18612	88.095	126	15	0	12	137	887	1012	4.64e-30	131
exon_11	lcl|NC_037334.1_cds_NP_001068587.1_18611	88.095	126	15	0	12	137	1250	1375	4.64e-30	131
exon_11	lcl|NC_037334.1_cds_XP_024849584.1_18610	88.095	126	15	0	12	137	1223	1348	4.64e-30	131
exon_11	lcl|NC_037334.1_cds_XP_059743898.1_18609	88.095	126	15	0	12	137	1223	1348	4.64e-30	131
exon_12	lcl|NC_037334.1_cds_XP_059743900.1_18613	86.842	76	10	0	1	76	1013	1088	3.92e-12	71.9
exon_12	lcl|NC_037334.1_cds_XP_059743900.1_18613	94.444	36	2	0	109	144	1127	1162	2.33e-07	56.0
exon_12	lcl|NC_037334.1_cds_XP_059743899.1_18612	86.842	76	10	0	1	76	1013	1088	3.92e-12	71.9
exon_12	lcl|NC_037334.1_cds_XP_059743899.1_18612	94.444	36	2	0	109	144	1127	1162	2.33e-07	56.0
exon_12	lcl|NC_037334.1_cds_NP_001068587.1_18611	86.842	76	10	0	1	76	1376	1451	3.92e-12	71.9
exon_12	lcl|NC_037334.1_cds_NP_001068587.1_18611	94.444	36	2	0	109	144	1490	1525	2.33e-07	56.0
exon_12	lcl|NC_037334.1_cds_XP_024849584.1_18610	86.842	76	10	0	1	76	1349	1424	3.92e-12	71.9
exon_12	lcl|NC_037334.1_cds_XP_024849584.1_18610	94.444	36	2	0	109	144	1463	1498	2.33e-07	56.0
exon_12	lcl|NC_037334.1_cds_XP_059743898.1_18609	86.842	76	10	0	1	76	1349	1424	3.92e-12	71.9
exon_12	lcl|NC_037334.1_cds_XP_059743898.1_18609	94.444	36	2	0	109	144	1463	1498	2.33e-07	56.0
exon_13	lcl|NC_037334.1_cds_XP_059743900.1_18613	83.099	142	24	0	8	149	1167	1308	4.39e-18	91.7
exon_13	lcl|NC_037334.1_cds_XP_059743899.1_18612	83.099	142	24	0	8	149	1167	1308	4.39e-18	91.7
exon_13	lcl|NC_037334.1_cds_NP_001068587.1_18611	83.099	142	24	0	8	149	1530	1671	4.39e-18	91.7
exon_13	lcl|NC_037334.1_cds_XP_024849584.1_18610	83.099	142	24	0	8	149	1503	1644	4.39e-18	91.7
exon_13	lcl|NC_037334.1_cds_XP_059743898.1_18609	83.099	142	24	0	8	149	1503	1644	4.39e-18	91.7
exon_14	lcl|NC_037334.1_cds_XP_059743900.1_18613	81.548	168	31	0	1	168	1309	1476	7.85e-17	87.7
exon_14	lcl|NC_037334.1_cds_XP_059743899.1_18612	81.548	168	31	0	1	168	1309	1476	7.85e-17	87.7
exon_14	lcl|NC_037334.1_cds_NP_001068587.1_18611	81.548	168	31	0	1	168	1672	1839	7.85e-17	87.7
exon_14	lcl|NC_037334.1_cds_XP_024849584.1_18610	81.548	168	31	0	1	168	1645	1812	7.85e-17	87.7
